chose: 0, 0
HEAP >>>>>>>>>>>>>>>>>>>>
0, 1
1, 0
<<<<<<<<<<<<<<<<<<<< HEAP
chose: 0, 1
HEAP >>>>>>>>>>>>>>>>>>>>
1, 0
0, 2
1, 1
<<<<<<<<<<<<<<<<<<<< HEAP
chose: 1, 0
HEAP >>>>>>>>>>>>>>>>>>>>
0, 2
1, 1
2, 0
<<<<<<<<<<<<<<<<<<<< HEAP
chose: 0, 2
HEAP >>>>>>>>>>>>>>>>>>>>
2, 0
1, 1
0, 3
1, 2
<<<<<<<<<<<<<<<<<<<< HEAP
chose: 2, 0
HEAP >>>>>>>>>>>>>>>>>>>>
1, 1
0, 3
1, 2
2, 1
3, 0
<<<<<<<<<<<<<<<<<<<< HEAP
chose: 1, 1
HEAP >>>>>>>>>>>>>>>>>>>>
2, 1
0, 3
1, 2
3, 0
<<<<<<<<<<<<<<<<<<<< HEAP // DONE
chose: 2, 1
HEAP >>>>>>>>>>>>>>>>>>>>
3, 0
1, 2
0, 3
2, 2
3, 1
<<<<<<<<<<<<<<<<<<<< HEAP
chose: 3, 0
HEAP >>>>>>>>>>>>>>>>>>>>
1, 2
0, 3
3, 1
2, 2
4, 0
<<<<<<<<<<<<<<<<<<<< HEAP
chose: 1, 2
HEAP >>>>>>>>>>>>>>>>>>>>
0, 3
3, 1
2, 2
4, 0
1, 3
<<<<<<<<<<<<<<<<<<<< HEAP
chose: 0, 3
HEAP >>>>>>>>>>>>>>>>>>>>
4, 0
3, 1
2, 2
1, 3
0, 4
<<<<<<<<<<<<<<<<<<<< HEAP // DONE
chose: 4, 0
HEAP >>>>>>>>>>>>>>>>>>>>
0, 4
1, 3
2, 2
3, 1
4, 1
5, 0
<<<<<<<<<<<<<<<<<<<< HEAP
chose: 0, 4
HEAP >>>>>>>>>>>>>>>>>>>>
1, 3
2, 2
5, 0
4, 1
3, 1
0, 5
1, 4
<<<<<<<<<<<<<<<<<<<< HEAP
chose: 1, 3
HEAP >>>>>>>>>>>>>>>>>>>>
2, 2
4, 1
3, 1
1, 4
0, 5
5, 0
2, 3
<<<<<<<<<<<<<<<<<<<< HEAP
chose: 2, 2
HEAP >>>>>>>>>>>>>>>>>>>>
3, 1
4, 1
0, 5
1, 4
5, 0
2, 3
3, 2
<<<<<<<<<<<<<<<<<<<< HEAP
chose: 3, 1
HEAP >>>>>>>>>>>>>>>>>>>>
2, 3
4, 1
0, 5
1, 4
5, 0
3, 2
<<<<<<<<<<<<<<<<<<<< HEAP // DONE
chose: 2, 3
HEAP >>>>>>>>>>>>>>>>>>>>
3, 2
5, 0
1, 4
0, 5
4, 1
2, 4
3, 3
<<<<<<<<<<<<<<<<<<<< HEAP
chose: 3, 2
HEAP >>>>>>>>>>>>>>>>>>>>
5, 0
1, 4
0, 5
2, 4
4, 1
3, 3
4, 2
<<<<<<<<<<<<<<<<<<<< HEAP
chose: 5, 0
HEAP >>>>>>>>>>>>>>>>>>>>
1, 4
4, 1
0, 5
3, 3
4, 2
2, 4
5, 1
6, 0
<<<<<<<<<<<<<<<<<<<< HEAP
chose: 1, 4
HEAP >>>>>>>>>>>>>>>>>>>>
4, 1
6, 0
0, 5
3, 3
2, 4
5, 1
4, 2
1, 5
<<<<<<<<<<<<<<<<<<<< HEAP
chose: 4, 1
HEAP >>>>>>>>>>>>>>>>>>>>
0, 5
6, 0
5, 1
3, 3
2, 4
4, 2
1, 5
<<<<<<<<<<<<<<<<<<<< HEAP
chose: 0, 5
HEAP >>>>>>>>>>>>>>>>>>>>
4, 2
6, 0
5, 1
3, 3
2, 4
1, 5
0, 6
<<<<<<<<<<<<<<<<<<<< HEAP // DONE
chose: 4, 2
HEAP >>>>>>>>>>>>>>>>>>>>
0, 6
1, 5
2, 4
3, 3
5, 1
6, 0
4, 3
5, 2
<<<<<<<<<<<<<<<<<<<< HEAP
chose: 0, 6
HEAP >>>>>>>>>>>>>>>>>>>>
1, 5
2, 4
5, 1
4, 3
6, 0
5, 2
3, 3
0, 7
1, 6
<<<<<<<<<<<<<<<<<<<< HEAP
chose: 1, 5
HEAP >>>>>>>>>>>>>>>>>>>>
2, 4
5, 1
6, 0
4, 3
0, 7
5, 2
3, 3
1, 6
2, 5
<<<<<<<<<<<<<<<<<<<< HEAP
chose: 2, 4
HEAP >>>>>>>>>>>>>>>>>>>>
5, 1
3, 3
6, 0
2, 5
5, 2
1, 6
0, 7
4, 3
3, 4
<<<<<<<<<<<<<<<<<<<< HEAP
chose: 5, 1
HEAP >>>>>>>>>>>>>>>>>>>>
3, 3
6, 0
1, 6
3, 4
5, 2
0, 7
4, 3
2, 5
6, 1
<<<<<<<<<<<<<<<<<<<< HEAP
chose: 3, 3
HEAP >>>>>>>>>>>>>>>>>>>>
6, 0
4, 3
1, 6
6, 1
5, 2
0, 7
2, 5
3, 4
<<<<<<<<<<<<<<<<<<<< HEAP
chose: 6, 0
HEAP >>>>>>>>>>>>>>>>>>>>
2, 5
4, 3
1, 6
6, 1
5, 2
0, 7
3, 4
7, 0
<<<<<<<<<<<<<<<<<<<< HEAP // DONE
chose: 2, 5
HEAP >>>>>>>>>>>>>>>>>>>>
7, 0
3, 4
0, 7
5, 2
6, 1
1, 6
4, 3
2, 6
3, 5
<<<<<<<<<<<<<<<<<<<< HEAP
chose: 7, 0
HEAP >>>>>>>>>>>>>>>>>>>>
3, 4
0, 7
1, 6
5, 2
4, 3
3, 5
6, 1
2, 6
7, 1
8, 0
<<<<<<<<<<<<<<<<<<<< HEAP
chose: 3, 4
HEAP >>>>>>>>>>>>>>>>>>>>
0, 7
8, 0
3, 5
5, 2
4, 3
7, 1
2, 6
1, 6
6, 1
4, 4
<<<<<<<<<<<<<<<<<<<< HEAP
chose: 0, 7
HEAP >>>>>>>>>>>>>>>>>>>>
6, 1
8, 0
3, 5
5, 2
4, 3
7, 1
2, 6
1, 6
4, 4
0, 8
1, 7
<<<<<<<<<<<<<<<<<<<< HEAP
chose: 6, 1
HEAP >>>>>>>>>>>>>>>>>>>>
0, 8
8, 0
3, 5
5, 2
4, 3
7, 1
2, 6
1, 6
4, 4
1, 7
6, 2
<<<<<<<<<<<<<<<<<<<< HEAP // ERR!
chose: 0, 8
HEAP >>>>>>>>>>>>>>>>>>>>
1, 6
8, 0
2, 6
5, 2
4, 3
7, 1
3, 5
6, 2
1, 7
4, 4
0, 9
1, 8
<<<<<<<<<<<<<<<<<<<< HEAP
chose: 1, 6
HEAP >>>>>>>>>>>>>>>>>>>>
2, 6
1, 8
0, 9
5, 2
4, 3
7, 1
3, 5
6, 2
1, 7
4, 4
8, 0
<<<<<<<<<<<<<<<<<<<< HEAP
chose: 2, 6
HEAP >>>>>>>>>>>>>>>>>>>>
5, 2
4, 3
4, 4
6, 2
8, 0
0, 9
1, 7
1, 8
3, 5
7, 1
2, 7
3, 6
<<<<<<<<<<<<<<<<<<<< HEAP
chose: 5, 2
HEAP >>>>>>>>>>>>>>>>>>>>
4, 3
7, 1
1, 7
6, 2
3, 6
5, 3
2, 7
1, 8
3, 5
4, 4
8, 0
0, 9
<<<<<<<<<<<<<<<<<<<< HEAP
chose: 4, 3
HEAP >>>>>>>>>>>>>>>>>>>>
8, 0
7, 1
1, 7
6, 2
0, 9
5, 3
2, 7
1, 8
3, 5
4, 4
3, 6
<<<<<<<<<<<<<<<<<<<< HEAP
chose: 8, 0
HEAP >>>>>>>>>>>>>>>>>>>>
5, 3
1, 7
7, 1
6, 2
3, 6
2, 7
1, 8
4, 4
3, 5
0, 9
8, 1
9, 0
<<<<<<<<<<<<<<<<<<<< HEAP
chose: 5, 3
HEAP >>>>>>>>>>>>>>>>>>>>
3, 5
1, 7
8, 1
6, 2
7, 1
2, 7
1, 8
4, 4
0, 9
3, 6
9, 0
5, 4
6, 3
<<<<<<<<<<<<<<<<<<<< HEAP
chose: 3, 5
HEAP >>>>>>>>>>>>>>>>>>>>
1, 7
6, 3
9, 0
6, 2
7, 1
8, 1
1, 8
4, 4
0, 9
3, 6
5, 4
2, 7
4, 5
<<<<<<<<<<<<<<<<<<<< HEAP
chose: 1, 7
HEAP >>>>>>>>>>>>>>>>>>>>
2, 7
6, 3
9, 0
6, 2
7, 1
8, 1
1, 8
4, 4
0, 9
3, 6
5, 4
4, 5
<<<<<<<<<<<<<<<<<<<< HEAP
chose: 2, 7
HEAP >>>>>>>>>>>>>>>>>>>>
4, 4
6, 3
1, 8
6, 2
7, 1
8, 1
9, 0
4, 5
5, 4
3, 6
0, 9
2, 8
3, 7
<<<<<<<<<<<<<<<<<<<< HEAP
chose: 4, 4
HEAP >>>>>>>>>>>>>>>>>>>>
1, 8
3, 7
2, 8
6, 2
7, 1
8, 1
9, 0
4, 5
5, 4
3, 6
0, 9
6, 3
<<<<<<<<<<<<<<<<<<<< HEAP
chose: 1, 8
HEAP >>>>>>>>>>>>>>>>>>>>
6, 2
7, 1
0, 9
5, 4
6, 3
2, 8
3, 6
3, 7
4, 5
9, 0
8, 1
1, 9
<<<<<<<<<<<<<<<<<<<< HEAP
chose: 6, 2
HEAP >>>>>>>>>>>>>>>>>>>>
7, 1
9, 0
0, 9
5, 4
1, 9
7, 2
3, 6
3, 7
4, 5
8, 1
6, 3
2, 8
<<<<<<<<<<<<<<<<<<<< HEAP
chose: 7, 1
HEAP >>>>>>>>>>>>>>>>>>>>
6, 3
9, 0
0, 9
5, 4
2, 8
7, 2
3, 6
3, 7
4, 5
8, 1
1, 9
<<<<<<<<<<<<<<<<<<<< HEAP
chose: 6, 3
HEAP >>>>>>>>>>>>>>>>>>>>
5, 4
9, 0
8, 1
0, 9
7, 2
3, 7
4, 5
2, 8
3, 6
1, 9
6, 4
7, 3
<<<<<<<<<<<<<<<<<<<< HEAP
chose: 5, 4
HEAP >>>>>>>>>>>>>>>>>>>>
6, 4
7, 3
1, 9
0, 9
7, 2
3, 7
2, 8
9, 0
8, 1
4, 5
3, 6
5, 5
<<<<<<<<<<<<<<<<<<<< HEAP
chose: 6, 4
HEAP >>>>>>>>>>>>>>>>>>>>
4, 5
7, 3
1, 9
0, 9
7, 2
3, 7
2, 8
9, 0
8, 1
3, 6
5, 5
6, 5
7, 4
<<<<<<<<<<<<<<<<<<<< HEAP
chose: 4, 5
HEAP >>>>>>>>>>>>>>>>>>>>
1, 9
7, 4
6, 5
0, 9
7, 2
3, 7
2, 8
9, 0
8, 1
3, 6
5, 5
7, 3
4, 6
<<<<<<<<<<<<<<<<<<<< HEAP
chose: 1, 9
HEAP >>>>>>>>>>>>>>>>>>>>
8, 1
7, 4
6, 5
0, 9
7, 2
3, 7
2, 8
9, 0
3, 6
4, 6
7, 3
5, 5
1, 10
2, 9
<<<<<<<<<<<<<<<<<<<< HEAP
chose: 8, 1
HEAP >>>>>>>>>>>>>>>>>>>>
1, 10
7, 4
6, 5
0, 9
7, 2
3, 7
2, 8
9, 0
3, 6
4, 6
7, 3
5, 5
2, 9
8, 2
9, 1
<<<<<<<<<<<<<<<<<<<< HEAP
chose: 1, 10
HEAP >>>>>>>>>>>>>>>>>>>>
8, 2
7, 4
6, 5
0, 9
7, 2
3, 7
2, 8
9, 0
3, 6
4, 6
7, 3
5, 5
2, 9
9, 1
0, 10
1, 11
2, 10
<<<<<<<<<<<<<<<<<<<< HEAP
chose: 8, 2
HEAP >>>>>>>>>>>>>>>>>>>>
6, 5
2, 10
1, 11
0, 9
7, 2
3, 7
2, 8
9, 0
3, 6
4, 6
7, 3
5, 5
2, 9
9, 1
0, 10
7, 4
8, 3
9, 2
<<<<<<<<<<<<<<<<<<<< HEAP
chose: 6, 5
HEAP >>>>>>>>>>>>>>>>>>>>
9, 1
2, 10
1, 11
0, 9
7, 2
3, 7
2, 8
9, 0
3, 6
4, 6
7, 3
5, 5
2, 9
0, 10
9, 2
8, 3
7, 4
6, 6
7, 5
<<<<<<<<<<<<<<<<<<<< HEAP
chose: 9, 1
HEAP >>>>>>>>>>>>>>>>>>>>
6, 6
2, 10
1, 11
0, 9
7, 2
3, 7
2, 8
9, 0
3, 6
4, 6
7, 3
5, 5
2, 9
0, 10
9, 2
8, 3
7, 4
7, 5
10, 1
<<<<<<<<<<<<<<<<<<<< HEAP
chose: 6, 6
HEAP >>>>>>>>>>>>>>>>>>>>
7, 5
2, 10
1, 11
0, 9
7, 2
3, 7
2, 8
9, 0
3, 6
4, 6
7, 3
5, 5
2, 9
0, 10
9, 2
8, 3
7, 4
10, 1
5, 6
6, 7
7, 6
<<<<<<<<<<<<<<<<<<<< HEAP
chose: 7, 5
HEAP >>>>>>>>>>>>>>>>>>>>
10, 1
7, 6
6, 7
0, 9
7, 2
3, 7
2, 8
9, 0
3, 6
4, 6
7, 3
5, 5
2, 9
0, 10
9, 2
8, 3
7, 4
5, 6
2, 10
1, 11
8, 5
<<<<<<<<<<<<<<<<<<<< HEAP
chose: 10, 1
HEAP >>>>>>>>>>>>>>>>>>>>
1, 11
7, 6
6, 7
0, 9
7, 2
3, 7
2, 8
9, 0
3, 6
4, 6
7, 3
5, 5
2, 9
0, 10
9, 2
8, 3
7, 4
5, 6
2, 10
8, 5
10, 2
11, 1
10, 0
<<<<<<<<<<<<<<<<<<<< HEAP
chose: 1, 11
HEAP >>>>>>>>>>>>>>>>>>>>
2, 10
7, 6
6, 7
0, 9
7, 2
3, 7
2, 8
9, 0
3, 6
4, 6
7, 3
5, 5
2, 9
0, 10
9, 2
8, 3
7, 4
5, 6
8, 5
10, 0
11, 1
10, 2
0, 11
1, 12
2, 11
<<<<<<<<<<<<<<<<<<<< HEAP
chose: 2, 10
HEAP >>>>>>>>>>>>>>>>>>>>
1, 12
7, 6
6, 7
0, 9
7, 2
3, 7
2, 8
9, 0
3, 6
4, 6
7, 3
5, 5
2, 9
0, 10
9, 2
8, 3
7, 4
5, 6
8, 5
10, 0
11, 1
10, 2
0, 11
2, 11
3, 10
<<<<<<<<<<<<<<<<<<<< HEAP
chose: 1, 12
HEAP >>>>>>>>>>>>>>>>>>>>
11, 1
7, 6
6, 7
0, 9
7, 2
3, 7
2, 8
9, 0
3, 6
4, 6
7, 3
5, 5
2, 9
0, 10
9, 2
8, 3
7, 4
5, 6
8, 5
10, 0
10, 2
3, 10
2, 11
0, 11
0, 12
1, 13
2, 12
<<<<<<<<<<<<<<<<<<<< HEAP
chose: 11, 1
HEAP >>>>>>>>>>>>>>>>>>>>
6, 7
2, 12
1, 13
0, 9
7, 2
3, 7
2, 8
9, 0
3, 6
4, 6
7, 3
5, 5
2, 9
0, 10
9, 2
8, 3
7, 4
5, 6
8, 5
10, 0
10, 2
3, 10
2, 11
0, 11
0, 12
7, 6
11, 2
12, 1
11, 0
<<<<<<<<<<<<<<<<<<<< HEAP
chose: 6, 7
HEAP >>>>>>>>>>>>>>>>>>>>
0, 11
2, 12
1, 13
0, 9
7, 2
3, 7
2, 8
9, 0
3, 6
4, 6
7, 3
5, 5
2, 9
0, 10
9, 2
8, 3
7, 4
5, 6
8, 5
10, 0
10, 2
3, 10
2, 11
0, 12
11, 0
12, 1
11, 2
7, 6
5, 7
6, 8
7, 7
<<<<<<<<<<<<<<<<<<<< HEAP
chose: 0, 11
HEAP >>>>>>>>>>>>>>>>>>>>
6, 8
2, 12
1, 13
0, 9
7, 2
3, 7
2, 8
9, 0
3, 6
4, 6
7, 3
5, 5
2, 9
0, 10
9, 2
8, 3
7, 4
5, 6
8, 5
10, 0
10, 2
3, 10
2, 11
0, 12
11, 0
12, 1
11, 2
7, 6
5, 7
7, 7
<<<<<<<<<<<<<<<<<<<< HEAP
chose: 6, 8
HEAP >>>>>>>>>>>>>>>>>>>>
11, 2
2, 12
1, 13
0, 9
7, 2
3, 7
2, 8
9, 0
3, 6
4, 6
7, 3
5, 5
2, 9
0, 10
9, 2
8, 3
7, 4
5, 6
8, 5
10, 0
10, 2
3, 10
2, 11
0, 12
11, 0
12, 1
7, 6
7, 7
5, 7
5, 8
6, 9
7, 8
<<<<<<<<<<<<<<<<<<<< HEAP
